 3.82744737172508329159291214011621E-4 20.00038274473717250832915929121401 20.0 1.000038274473710242263404448949829
 3.905162206525490407753502037099328E-4 20.00039051622065254904077535020371 20.0 1.000039051622057810691508036017143
 3.9836581817956799630180726088929063E-4 20.00039836581817956799630180726089 20.0 1.0000398365818100546079028988432785
 4.062935300141428774094349146726812E-4 20.000406293530014142877409434914672 20.0 1.0000406293529930308738113495934813
 4.1429935641944500383093796242078442E-4 20.00041429935641944500383093796242 20.0 1.0000414299356330556869166461095226
 4.2238329766123935787810370249980345E-4 20.000422383297661239357878103702498 20.0 1.000042238329756704583270386367212
 4.3054535400788460920064931718055047E-4 20.00043054535400788460920064931718 20.0 1.0000430545353908124392187032446227
 4.3878552573033313978677078514259777E-4 20.000438785525730333139786770785143 20.0 1.000043878552562473473347259843627
 4.4710381310213106920539774582712365E-4 20.000447103813102131069205397745828 20.0 1.0000447103812990412484450456097065
 4.555002163994182800901587806531474E-4 20.000455500216399418280090158780652 20.0 1.000045550021628128673486973497365
 4.6397473590092844386506161888421644E-4 20.000463974735900928443865061618885 20.0 1.0000463974735776080056352784308484
 4.725273718879890467118928187061877E-4 20.000472527371887989046711892818705 20.0 1.0000472527371756108522597173122378
 4.8115812464452141577934151685173106E-4 20.000481158124644521415779341516853 20.0 1.0000481158124505281729765708313558
 4.898669944570407456338518828833725E-4 20.000489866994457040745633851882884 20.0 1.0000489866994310102817064473342889
 4.986539816146561249522089570244637E-4 20.000498653981614656124952208957023 20.0 1.0000498653981459668487508890097035
 5.075190864090705634558625932063592E-4 20.000507519086409070563455862593206 20.0 1.0000507519086245669028877806544982
 5.164623091345810190869942717802974E-4 20.00051646230913458101908699427178 20.0 1.0000516462308962388334855612827049
 5.254836500880784254263315891240938E-4 20.000525483650088078425426331589123 20.0 1.0000525483649906703926362388439189
 5.345831095690477193527152741566917E-4 20.000534583109569047719352715274157 20.0 1.00005345831093780869730720831991
 5.437606878795678689444236245579719E-4 20.000543760687879567868944423624557 20.0 1.0000543760687678602315118734704333
 5.530163853243119016222592982769527E-4 20.000553016385324311901622259298277 20.0 1.0000553016385112908484990725016245
 5.623502022105469325344034386986515E-4 20.000562350202210546932534403438698 20.0 1.0000562350201988257729613079327435
 5.717621388481341931830421546284384E-4 20.00057176213884813419318304215463 20.0 1.000057176213861449603261780939386
 5.812521955495290602927704190427097E-4 20.000581252195549529060292770419042 20.0 1.000058125219530406313680230453661
 5.908203726297810849207784933461307E-4 20.000590820372629781084920778493344 20.0 1.0000590820372371992566775773042025
 6.004666704065340218088260266685767E-4 20.00060046667040653402180882602667 20.0 1.0000600466670135911651793736812414
 6.101910892000258589770090225293049E-4 20.00061019108920002585897700902253 20.0 1.0000610191088916041548780582143488
 6.199936293330888475593249079916366E-4 20.00061999362933308884755932490799 20.0 1.0000619993629035197265540169528188
 6.298742911311495318810409832288458E-4 20.00062987429113114953188104098323 20.0 1.0000629874290818787684154505410337
 6.398330749222287797778715722207175E-4 20.00063983307492222877977787157222 20.0 1.0000639833074594815584570478835257
 6.498699810369418131569692381006072E-4 20.0006498699810369418131569692381 20.0 1.000064986998069387766837466596811
 6.5998500980849823879973546947470294E-4 20.000659985009808498238799735469474 20.0 1.0000659985009449164582756205474535
 6.701781615727020794064562868386097E-4 20.00067017816157270207940645628684 20.0 1.000067017816119646094465774778173
 6.8044943666795180488276826102132374E-4 20.00068044943666795180488276826102 20.0 1.0000680449436274145365114481261927
 6.907988354352403638679604783932195E-4 20.000690798835435240363867960478392 20.0 1.0000690798835023190473781238403815
 7.012263582181552155051180303827598E-4 20.000701226358218155215505118030382 20.0 1.0000701226357787162943647685061244
 7.117320053628783614531126476563459E-4 20.000711732005362878361453112647656 20.0 1.0000711732004912223515941595892204
 7.223157772181863781404461421270114E-4 20.000722315777218186378140446142127 20.0 1.0000722315776747127025220219124747
 7.329776741354504492609523627705945E-4 20.000732977674135450449260952362772 20.0 1.0000732977673643222424649733810285
 7.437176964686363985113634140425436E-4 20.000743717696468636398511363414042 20.0 1.000074371769595445281147280274835
 7.545358445743047225707459285046767E-4 20.000754535844574304722570745928506 20.0 1.0000754535844037355452664224290597
 7.654321188116106243218132280890805E-4 20.00076543211881161062432181322809 20.0 1.0000765432118251061810774686255584
 7.764065195423040463141192512457711E-4 20.000776406519542304046314119251245 20.0 1.0000776406518957297569962625209517
 7.874590471307297044691401660419404E-4 20.00078745904713072970446914016604 20.0 1.0000787459046520382662214194391864
 7.985897019438271220272496321034325E-4 20.000798589701943827122027249632103 20.0 1.0000798589701307231293751343588452
 8.097984843511306637365937171136729E-4 20.000809798484351130663736593717113 20.0 1.0000809798483687351971628014278387
 8.21085394724769570283871516411494E-4 20.00082108539472476957028387151641 20.0 1.0000821085394032847530514453404773
 8.324504334394679929670275670573112E-4 20.000832450433439467992967027567057 20.0 1.0000832450432718415159669649143019
 8.438936008725450286098621905668324E-4 20.000843893600872545028609862190565 20.0 1.0000843893600121346430101892064103
 8.554148974039147547185659413428811E-4 20.000855414897403914754718565941344 20.0 1.000085541489662152732191746511399
 8.670143234160862648801843806692551E-4 20.00086701432341608626488018438067 20.0 1.0000867014322601438251857465854026
 8.7869187929416370440301943896541675E-4 20.000878691879294163704403019438966 20.0 1.0000878691878446154101022764430875
 8.904475654258463061989736718376804E-4 20.000890447565425846306198973671836 20.0 1.0000890447564543344242787100768255
 9.022813822014284269078437583011106E-4 20.0009022813822014284269078437583 20.0 1.0000902281381283272570898324496481
 9.141933300137995832635696323867233E-4 20.000914193330013799583263569632385 20.0 1.0000914193329058797527767781159472
 9.261834092584444887024456821908186E-4 20.00092618340925844448870244568219 20.0 1.0000926183408265372132947848262629
 9.382516203334430902133004932672883E-4 20.000938251620333443090213300493266 20.0 1.000093825161930104401179762474872
 9.503979636394706054296516561096455E-4 20.00095039796363947060542965165611 20.0 1.0000950397962566455424336777512563
 9.626224395797975599638422003172739E-4 20.000962622439579797559963842200317 20.0 1.0000962622438464843294287548589063
 9.749250485602898249831652608899968E-4 20.00097492504856028982498316526089 20.0 1.0000974925047402039238304926672868
 9.8730579098940865502798362494657E-4 20.000987305790989408655027983624947 20.0 1.0000987305789786469595394986651574
 9.997646672782107260718508500161025E-4 20.000999764667278210726071850850016 20.0 1.0000999764666029155456521400858206
 1.012301677840348173823640687906691E-3 20.001012301677840348173823640687905 20.0 1.0001012301676543712694400125772335
 1.0249168230920686322716915910128116E-3 20.001024916823092068632271691591012 20.0 1.0001024916821746351993482267922981
 1.0376101034522152724699731207820905E-3 20.001037610103452215272469973120781 20.0 1.000103761010205587888012513277011
 1.0503815193422268415662811209232606E-3 20.001050381519342226841566281120923 20.0 1.000105038151789369375295146036528
 1.0632310711861377020724685608000738E-3 20.0010632310711861377020724685608 20.0 1.0001063231069683791913396851615743
 1.0761587594105778713767189973210207E-3 20.00107615875941057787137671899732 20.0 1.0001076158757852763596445388999927
 1.0891645844447730614978696465016585E-3 20.001089164584444773061497869646502 20.0 1.0001089164582829794001553455606076
 1.1022485467205447190817910987453624E-3 20.001102248546720544719081791098744 20.0 1.0001102248545046663323761756389452
 1.115410646672310065639830754759327E-3 20.00111541064667231006563983075476 20.0 1.000111541064493774678499554556724
 1.12865088473708213802932710189558E-3 20.001128650884737082138029327101895 20.0 1.0001128650882940014665553064094077
 1.1419692613544698291762019935819182E-3 20.001141969261354469829176201993582 20.0 1.0001141969259493032335782191184752
 1.1553657769666779290396381373846637E-3 20.001155365776966677929039638137384 20.0 1.0001155365775038960287945313874467
 1.1688404320185071658188490401243055E-3 20.001168840432018507165818849040122 20.0 1.0001168840430022554168272418630647
 1.1823932269573542474019487013463236E-3 20.001182393226957354247401948701344 20.0 1.0001182393224891164809202409054126
 1.196024162233211903056928389332705E-3 20.00119602416223321190305692838933 20.0 1.000119602416009473826181265373119
 1.2097332382986689253647478767250822E-3 20.001209733238298668925364747876724 20.0 1.0001209733236085815828436768321713
 1.2235204556089102123945485557178774E-3 20.001223520455608910212394548555717 20.0 1.0001223520453319534095470635992358
 1.2373858146217168101209958956694074E-3 20.001237385814621716810120995895668 20.0 1.0001237385812253624966366670327503
 1.2513293157974659550837587488706358E-3 20.00125132931579746595508375874887 20.0 1.0001251329313348415694816324874356
 1.2653509595991311172891330531051049E-3 20.001265350959599131117289133053106 20.0 1.0001265350957066828918120853502373
 1.2794507464922820433538175225295597E-3 20.00127945074649228204335381752253 20.0 1.0001279450743874382690750325780872
 1.2936286769450847998908489613029927E-3 20.001293628676945084799890848961303 20.0 1.000129362867423919051809090160247
 1.3078847514283018171377048772921204E-3 20.001307884751428301817137704877293 20.0 1.0001307884748631961390380369303673
 1.322218970415291932826581116083866E-3 20.001322218970415291932826581116084 20.0 1.0001322218967525999816831951557708
 1.3366313343820104362968522784401566E-3 20.00133663133438201043629685227844 20.0 1.000133663133139720585994638333843
 1.3511218438070091128497227272372639E-3 20.00135112184380700911284972272724 20.0 1.0001351121840724075170012266277807
 1.3656904991714362883450760328411092E-3 20.00136569049917143628834507603284 20.0 1.000136569049598769901979470376335
 1.3803373009590368740405307487813253E-3 20.00138033730095903687404053074878 20.0 1.000138033729767176433941222114544
 1.3950622496561524116727104525005738E-3 20.0013950622496561524116727104525 20.0 1.0001395062246262553751401975448348
 1.4098653457517211187807360288714575E-3 20.00140986534575172111878073602887 20.0 1.0001409865342248945605973259002474
 1.4247465897372779342719482170916446E-3 20.00142474658973727793427194821709 20.0 1.0001424746586122414016449301438998
 1.4397059821069545642298684844882247E-3 20.00143970598210695456422986848449 20.0 1.0001439705978377028894897374511973
 1.4547435233574795279644063336851087E-3 20.001454743523357479527964406333685 20.0 1.0001454743519509455987947204236563
 1.4698592139881782043043211925124138E-3 20.00146985921398817820430432119251 20.0 1.00014698592100189569127976948559
 1.4850530545009728781319470789641066E-3 20.001485053054500972878131947078964 20.0 1.0001485053050407389193411969172768
 1.5003250454003827871601882764399882E-3 20.00150032504540038278716018827644 20.0 1.0001500325041179206296900729806085
 1.515675187193524168951794297440139E-3 20.00151567518719352416895179429744 20.0 1.0001515675182841457670093945955864
 1.531103480390110308180922456814444E-3 20.001531103480390110308180922456815 20.0 1.000153110347590378877630087028411
