 2.5608409741044487946911852506321256E-4 40.000768253931686966308483496826614 40.00051216983427652142901437830155
 2.6172763168622045618452153532768813E-4 40.000785184607570080419285746576173 40.000523456975883859963101225040845
 2.6746375485540662708688840773156845E-4 40.00080239305296380725843310667449 40.00053492929810840063134621826676
 2.7329421138249405701982424360429525E-4 40.00081988450136511647483820844347 40.00054659028998262241781838419986
 2.7922003575962142533917180245293364E-4 40.000837662056347362472364286285466 40.000558442020587741047025114483015
 2.8524226814902390071275850135267774E-4 40.000855728838496850220078060954974 40.00057048657034782631936530245362
 2.913619543828874633437787969893284E-4 40.00087408798541245647648807026714 40.000582726031029569013144291470155
 2.9758091740850482690260815012338642E-4 40.000892744966052634865092949389633 40.00059516404864413003819034123951
 3.039002388372606734812594890236116E-4 40.00091170302536057803574881522291 40.00060780278652331736226755573389
 3.1032061232129611818146117367688155E-4 40.0009309642443985951656377828527 40.00062064363207729904745632167902
 3.1684431301632707720033271125523706E-4 40.0009505354487671888467723442066 40.00063369113575086176957201149534
 3.234716608071374426593219125196119E-4 40.00097041759822698884140226447996 40.00064694593741985139874294256744
 3.3020457373421576202001913961907226E-4 40.0009906164470341558736162475358 40.00066041187329994011159622839618
 3.3704459875672349189754855419206696E-4 40.001011136636198849919968093186923 40.00067409203744212642807054463273
 3.439924764511939277755423268142305E-4 40.001031980387573297673882456485566 40.00068798791112210374610691415875
 3.510497746909423454514767196005517E-4 40.001053152404917358074175044928805 40.000702102630226415728723568209203
 3.5821766137308900677062275424070963E-4 40.001074656192059132717340735158 40.000716438530686043710570112403764
 3.6549816568716395180788030949046334E-4 40.00109649783672318758243874830755 40.00073099967103602363063086799806
 3.7289249401796325919141807946581543E-4 40.001118680958209380234380421676803 40.00074578846419141697518900359734
 3.8040142326304556973009561663597087E-4 40.001141207887351400604093631885446 40.000760806464088355034363536268813
 3.880274813557180768291625399241434E-4 40.00116408620812728311926305478799 40.000776058726771565042433892248066
 3.9577103104506768676638904743766273E-4 40.00118731700892544022188622290126 40.00079154597788037253511983385382
 4.0363420370137578004047049357351304E-4 40.00121090668403618813204058100298 40.000807272480334812352000110509405
 4.116187190312969947272924427610489E-4 40.001234860392755963069988446097436 40.000823241673724666075261153654674
 4.197254052434238104273445221892717E-4 40.00125918061987323958067582487985 40.00083945521462981577024848035766
 4.279564673918903696847376902239358E-4 40.00128387398074614870625978951098 40.00085591751335425833657505182076
 4.3631275222147897562743086946923117E-4 40.001308943015781056974163396468614 40.000872630263559577998535965599145
 4.4479651030915209061316250614744406E-4 40.00133439447691584732144208693859 40.00088959796660669523082892443244
 4.534090833905626617622519409079366E-4 40.00136023238955009780901186869991 40.000906823306159535147249616759004
 4.6215182053973192907164106899801567E-4 40.001386460801103443160893948113716 40.00092430898056371123182230704472
 4.710265634443441573285980678340878E-4 40.00141308523685299054586164350888 40.00094205867340864638853304544105
 4.8003517960113804208140361262405125E-4 40.00144011129950948758529215092529 40.00096007611990834954321074731267
 4.891790680293027428348049399121509E-4 40.00146754318634560252206897573706 40.00097836411831629977923417079715
 4.984596353850899880978760455781123E-4 40.001495385117550665211481806396073 40.00099692548216557522338393035049
 5.078793037615508142045642269464544E-4 40.00152364435965558142912608237269 40.00101576505589403061492151814575
 5.174390147855378862226027670052052E-4 40.001552323737761791645285476478366 40.00103488472297625375906287371136
 5.27141239140701680080406523380288E-4 40.00158143066418615761312930562361 40.00105428942504545593304889910023
 5.369874571951514771954221978624235E-4 40.00161096958028013382404113287337 40.00107398212308498234684571067551
 5.469791574134321186672467631275272E-4 40.00164094495169070590100467233386 40.00109396579427727378233742557073
 5.571183641155765322777309212327478E-4 40.00167136285165237637863502741414 40.00111424448753679984635729649291
 5.674071291178191264665930497367762E-4 40.0017022294358963700716767288039 40.001134822306778550945210135754165
 5.778464570219184950303098381808214E-4 40.00173354771848777465074994892267 40.00115570126146585615571963908449
 5.884395107866667637775494032905343E-4 40.00176532718863176017336832348394 40.00117688767784509340959077408065
 5.991873315005374156683626861481443E-4 40.00179757096986916967464887922742 40.001198383638368632258980516541274
 6.100920537085770730936146987646354E-4 40.00183028546614973295327507670924 40.001220193412441155880181462010474
 6.211552831984750930042021622221579E-4 40.00186347549514299994577543538393 40.00124232021194452485277123322171
 6.323797590350956070689103154722247E-4 40.001897149274393171129538037777524 40.00126476951535807552246912746205
 6.43766567383175565887899254882854E-4 40.00193131006270086719342284930229 40.00128754349531769162753495004741
 6.553185003360621512960358389558009E-4 40.00196596623671484028091873043717 40.00131064773637877812962269459821
 6.670366672073000573757070241954551E-4 40.00200112112469880704716269690067 40.001334084457491506989786989876473
 6.7892449642805199666206850028671365E-4 40.002036785012354784176379681107966 40.00135786051592673217971761260768
 6.909825485487857043980520057010843E-4 40.00207295958165603480653102883587 40.00138197703310724910213297683017
 7.032137239488195835981081565256836E-4 40.00210965353415032659232165400079 40.00140643981020150700872354584427
 7.15619777612328052603719300335411E-4 40.002146872135170552653203719303285 40.00143125235755822460060000000295
 7.28203077444039273145937989909326E-4 40.00218462248884249181777189124169 40.001456419411398452544625953251784
 7.409660219555204743489012180127065E-4 40.002222911791124201550504519547405 40.00148194576916868107615561832939
 7.539104266271063346111789770439419E-4 40.00226174548886898318549525505666 40.001507835062241876850884076079614
 7.670387360776668214099562565540452E-4 40.00230113091637947524250302112845 40.0015340921803018084210930648719
 7.803534262206498399756558558270253E-4 40.002341075501854715552317308194004 40.00156072207563406571234165233818
 7.938563745788620717682396094290348E-4 40.00238158487830982307786180343643 40.001587728503730961006093563827
 8.07549468914946615532317834051839E-4 40.00242266470949018815502345390169 40.00161511524057524153949113606764
 8.214358888772497865144179464652127E-4 40.00246432453486192215276129109351 40.001642888645984672366246873147046
 8.355175755147867556246910959910801E-4 40.00250657017805577528035048901998 40.00167105260254098852472579792399
 8.497964804683252888679113437044602E-4 40.00254940749448935074940779593213 40.00169961101402102546053988458843
 8.642758806067859133632703395219652E-4 40.00259284631533334064460300195166 40.00172857043472655473123973161214
 8.789584449793591665919356095213245E-4 40.002636894648287986587795859582856 40.001757936203308627421203923973335
 8.938448705410172334354347455029829E-4 40.002681554584696715067264034932133 40.00178770971415569783382860018663
 9.089391908525179131032989464645655E-4 40.00272683822588022904602058447276 40.0018178990350277111329172855263
 9.242441585676608001097949891768547E-4 40.00277275383039773956647238711335 40.001848509671830078766362592124175
 9.397611895424692791749454834561614E-4 40.00281930564636733975174034705314 40.001879544456824870472565401569683
 9.554930705419516597537139004020887E-4 40.00286650203471067332949014882 40.001911008964168721669736434919596
 9.714426226151187768083736017425903E-4 40.002914351459218684971231351729534 40.00194290883660356619442297812779
 9.876127014050958502425381856571075E-4 40.00296286248748241088827202192024 40.00197524978607731503802948373458
 1.004006197461706154480048864787357E-3 40.00301204379183119612427164807893 40.002008037594369489969791599214145
 1.0206246079697851150083448073794046E-3 40.00306189986444521764393707916999 40.00204127525647543252892873436261
 1.037472299344990669124353639378915E-3 40.003112443805358471472809277425 40.00207497150601348080368492378562
 1.0545508164311725701428465185815576E-3 40.003163680249763258876955419028296 40.00210912943333208630681257250971
 1.0718631567742046652639838046241687E-3 40.003215618191049030198804032005694 40.00214375503427482553354004820107
 1.089412354032264393530765569805384E-3 40.003268266730962617679579917222175 40.00217885437693035328604915165237
 1.1072014782982547948667263543860709E-3 40.003321635080576032371506644747095 40.00221443360227777757663991839271
 1.1252328864260613325224201286403673E-3 40.0033757303112235858252871770279 40.00225049742479752449276475689926
 1.1435104602227180254559701725535043E-3 40.003430564069203459229628870231433 40.00228705360898074120417290005888
 1.1620358566190972120504245445135284E-3 40.003486141326079267845047153206133 40.00232410546946017063299672866162
 1.1808122578269040469938412231493868E-3 40.00354247162936247500229453798661 40.00236165937153557095530069676346
 1.1998436581953548554806436781076226E-3 40.0035995669630471086398999384823 40.00239972330485175378441929480419
 1.2191325535641356465246479943761473E-3 40.003657434815532117692081085186353 40.00243830226196798204555643719198
 1.2386822402815793180490282962532336E-3 40.0037160850768114681595706837515 40.00247740283652988884152165545525
 1.2584952602218172238007062007599392E-3 40.003775525373432047046241793352866 40.002517030113210229822441087152105
 1.2785749685363508507251104378806644E-3 40.003835765771845237661979237700034 40.002557190803308886811254127262153
 1.2989247595346850398157217845066926E-3 40.003896816456003020561657159616146 40.00259789169646833552184143783164
 1.3195480670263911308834223908117102E-3 40.00395868772838483725154172613267 40.00263913966135844612065830374186
 1.340448364665629925969264271133063E-3 40.00402139001103184940558363718719 40.002680941646366219479614372916055
 1.3616283412886810274161569136585947E-3 40.00408493137150407151921470834456 40.002723303030215390491798551430903
 1.3830907003716675828268631818401428E-3 40.00414931992130509893336300554251 40.00276622922093343135053614236067
 1.4048406740128106073531483743651791E-3 40.00421457135800589630102368099717 40.002809730683993085693670532622805
 1.4268802093331992692686421934820891E-3 40.00428069152404669959933800473235 40.00285381131471350033006936253887
 1.4492137957667298549545419241541307E-3 40.00434769388901145645597925054331 40.002898480093244726601024708619156
 1.471843417523109818148461053562521E-3 40.004415584406660081690209729243573 40.00294374098913697187206126819001
 1.494774505258401192809862531210747E-3 40.00448437937037116354536034852441 40.0029896048651127623525504859932
 1.5180091008370102135471936188692627E-3 40.00455408490692950170924667570747 40.0030360758060924914956994820886
