 0.14366873756510769727113700632852741
 0.145243208542815540761419213464434
 0.14682621132815515380951224261609668
 0.1484179466695161437600330959312423
 0.15001841456672209903605302284610713
 0.1516276150195937097844065452328122
 0.153245548027948736214011794209409
 0.15487241434015931568697805462097026
 0.15650821395603459737703069076203176
 0.15815284650110284251654201290326444
 0.15980661309800027589375317703562783
 0.1614693129979701370269578779732217
 0.1631411469493616744735240099778621
 0.1648222153262411514784237900943253
 0.16651241775411867492645453889358207
 0.16821185460705272259329503352177551
 0.16992052588482189601438155011837785
 0.17163863233574909170533759888916286
 0.17336617395960270719253162686436093
 0.17510305038187457008392660448502353
 0.17684956272514423981435182416725881
 0.1786055102406220761086637017397629
 0.18037109367660388724971225660392102
 0.18214641340710646342348068671720033
 0.1839313690576000898357775445821662
 0.1857261613763618695791931337538917
 0.1875306899888532752375249125976322
 0.18934515564333898862689937059102721
 0.19116955833953912375301541417893015
 0.1930038980771694082305948723872774
 0.19484827523020765731426373892015278
 0.19670279017262468249529208592157521
 0.19856744290411890047122425718480084
 0.2004422334243840384016189879607411
 0.20232736248163696329995285880831707
 0.20422272970129458682242831405426956
 0.20612853583155935164127954042062646
 0.208044780872099431621746884574922
 0.20997146482257787645237836323561774
 0.21190868805691304830434751153321261
 0.21385655094901519435548464926252027
 0.2158149531242682086161550382777778
 0.21778419570508667023797774230760831
 0.2197641783168404851863860809292018
 0.2217550013334104586649861954645071
 0.22375666475441258028593304602703117
 0.22576936932796744144873855993104844
 0.22779301467942008946942460331756602
 0.22982780155687354932221308192489016
 0.2318736295856598124227585994468437
 0.23393079988811574311942068842052494
 0.2359991117153062064964169582012415
 0.23807876581529738230183746348487938
 0.24016976218764322598588200167877352
 0.2422722012061394918840758059926496
 0.24438618324457158004818815471657246
 0.2465117083024676316345769416518289
 0.24864887675359450263931792763990036
 0.2507977889717081724568977321071566
 0.25295844495630962849438195444803794
 0.25513084470689240373248406400642163
 0.2573151889714264567102692324762855
 0.25951147774938426289458448833124806
 0.26171971104023044544699757168515376
 0.26394008959189965064055677273383336
 0.2661727137780723342754679278311415
 0.26841738284970579143645449498889244
 0.27067439792893658487067198722751907
 0.27294385938941050736607234825802595
 0.2752256668562929185260257906374725
 0.2775199207032098822371889625480019
 0.27982672130377411160470539138404765
 0.2821461690315847248067964998069511
 0.28447836426022699695673203488929056
 0.28682320661481605078675324035612606
 0.28918099721736949143468696704743056
 0.2915516356929783274689199202169282
 0.29393522241517727281715211152819166
 0.29633185775748609710352430306402006
 0.29874164209340935669038176396328013
 0.30116457542221541862161698799536064
 0.30360085849160085128120686791578766
 0.30605039092658671542402956969144306
 0.3085132731006218806795897164549362
 0.31098970576135428558113165047071304
 0.31347968890798151119635929926678753
 0.3159833229139022671649731874770237
 0.31850060777828659507604028029632046
 0.32103164387450252290707458187169947
 0.3235765315759002794381248506606929
 0.3261353712558119817257644777022726
 0.32870826328755131768493914719892065
 0.3312952076702090752051175365120682
 0.3338962044028629752593972761901999
 0.33651155460718090786856727142285674
 0.3391411579080005953727878668749708
 0.3417852150527462288125879477602801
 0.3444436256662261815320526191085225
 0.34711669087002031121126080567860513
 0.3498043102889019053726697274627338
