 3.827447371725083291592912140116212E-4 40.00114823787378578478835699758995 40.000765493136613276459197706375934
 3.905162206525490407753502037099328E-4 40.001171552474456169451997494541283 40.00078103625380362041122214433757
 3.983658181795679963018072608892908E-4 40.00119510142184280902504506868544 40.00079673560366324102874326142455
 4.062935300141428774094349146726814E-4 40.001218884716819407350988341079096 40.000812591186805264473578906164423
 4.1429935641944500383093796242078442E-4 40.00124290236026836465564824179064 40.00082860300384891965181730382822
 4.2238329766123935787810370249980336E-4 40.00126715435308077763070566121391 40.00084477105541953827282755751141
 4.305453540078846092006493171805505E-4 40.00129164069615643951805254206451 40.000861095342148554908851892747326
 4.3878552573033313978677078514259795E-4 40.001316361390403840194966427007605 40.00087757586467350705517965622246
 4.471038131021310692053977458271231E-4 40.001341316436740166260108477011945 40.00089421262363803519090307926612
 4.5550021639941828009015878065314746E-4 40.00136650583609130112034497567089 40.000911005619691882840254816890234
 4.639747359009284438650616188842166E-4 40.00139192958939182507839233487756 40.00092795485349089663452727325868
 4.725273718879890467118928187061878E-4 40.001417587697585015421285617386476 40.00094506032569702637457372456777
 4.8115812464452141577934151685173135E-4 40.00144348016162284650967059194077 40.00096232203697832509389125042392
 4.898669944570407456338518828833729E-4 40.00146960698246598986791933678992 40.000979739988008949122285484907035
 4.986539816146561249522089570244641E-4 40.001495968161083814275069407568444 40.00099731417946915815011719861142
 5.0751908640907056345586259320635934E-4 40.001522563698454385856586585652973 40.00101504461204531529313072305977
 5.164623091345810190869942717802973E-4 40.001549393595564468176951223260095 40.001032931286429887157864228988315
 5.254836500880784254263315891240938E-4 40.00157645785340952233306820169418 40.00105097420332144390764187010506
 5.345831095690477193527152741566917E-4 40.001603756472993707048500519300163 40.00106917336342465932914780402601
 5.437606878795678689444236245579722E-4 40.0016312894553298787685265258221 40.001087528767450310899582102197545
 5.530163853243119016222592982769531E-4 40.001659056801439591756020820014734 40.00110604041611527985439856071646
 5.623502022105469325344034386986513E-4 40.001687058512353098188158827500985 40.00112470831014255125562442406229
 5.717621388481341931830421546284384E-4 40.00171529458910934825394507601477 40.001143532450261214060762033860143
 5.8125219554952906029277041904271024E-4 40.00174376503275599025256518531402 40.001162512837206461192272414894973
 5.908203726297810849207784933461302E-4 40.001772469844349370692561589195525 40.00118164947171958960764081070218
 6.004666704065340218088260266685769E-4 40.001801409024954534391833007188613 40.00120094235454800037002418116195
 6.10191089200025858977009022529305E-4 40.0018305825756452245784576836514 40.00122039148644519871948067462887
 6.199936293330888475593249079916364E-4 40.001859990497503882992340412138745 40.00123999686817079414478108723075
 6.298742911311495318810409832288457E-4 40.00188963279162164998768336305786 40.00125975850049050045580232207463
 6.398330749222287797778715722207175E-4 40.00191950945909836463628073277299 40.00127967638417613585650286120077
 6.498699810369418131569692381006071E-4 40.00194962050104256483163723246693 40.00129975052000562301848026322883
 6.59985009808498238799735469474703E-4 40.001979965918571487393910435213435 40.00131998090876298915511069974396
 6.701781615727020794064562868386097E-4 40.00201054571281106817567699986025 40.001340367551238366096270543573414
 6.804494366679518048827682610213236E-4 40.00204135988489594216852279046894 40.00136091044822799036364002220792
 6.907988354352403638679604783932194E-4 40.00207240843596944361045691020377 40.00138160960053420324658894972538
 7.012263582181552155051180303827601E-4 40.00210369136718360609414966870783 40.00140246500896545087864455067745
 7.11732005362878361453112647656346E-4 40.00213520867969916267599450215093 40.00142347667433628431454138950327
 7.223157772181863781404461421270111E-4 40.00216696037468554598599386527965 40.00144464459746735960785341913752
 7.329776741354504492609523627705949E-4 40.00219894645332088833846911494663 40.00146596877918543788920816258386
 7.437176964686363985113634140425435E-4 40.00223116691679202184359440474154 40.001487449220323385445083041327496
 7.545358445743047225707459285046765E-4 40.00226362176629447851975461049286 40.00150908592172017379718386456436
 7.654321188116106243218132280890803E-4 40.00229631100303249040672730655579 40.0015308788842208797824054933277
 7.76406519542304046314119251245771E-4 40.00232923462821898967968881294733 40.00155282810867668563337469369608
 7.874590471307297044691401660419397E-4 40.002362392643075608764044333536195 40.001574933595944879059575193370155
 7.985897019438271220272496321034325E-4 40.00239578504883268045108220564117 40.00159719534688885332905495600907
 8.097984843511306637365937171136734E-4 40.002429411846729238014452281537555 40.00161961336237810735071568782044
 8.210853947247695702838715164114935E-4 40.00246327303801301532746846251804 40.00164218764328824575718459100163
 8.324504334394679929670275670573119E-4 40.00249736862394044698123540629983 40.00166491819050097898826837873277
 8.438936008725450286098621905668319E-4 40.00253169860577666840359942871674 40.001687805004904123374989566526176
 8.554148974039147547185659413428807E-4 40.002566262984795515978923620780584 40.001710848087391601224205054839243
 8.670143234160862648801843806692551E-4 40.002601061762279527168687202342774 40.001734047438863440903807017962104
 8.7869187929416370440301943896541675E-4 40.00263609493951994063290913373316 40.001757403060225776928506114294193
 8.904475654258463061989736718376806E-4 40.00267136251781669635239600689922 40.001780914952390850046197033227386
 9.0228138220142842690784375830111024E-4 40.002706864498478435751814237715253 40.00180458311627700732490639395695
 9.141933300137995832635696323867229E-4 40.0027426008828225018235865812769 40.001828407552808702240323011644514
 9.2618340925844448870244568219081865E-4 40.00277857167217493925261299214338 40.00185238826291649476391054646119
 9.38251620333443090213300493267288E-4 40.0028147768678704945418158516352 40.00187652524753705145160255114193
 9.503979636394706054296516561096445E-4 40.00285121647125261613850958444186 40.001900818507613145533079932785755
 9.62622439579797559963842200317273E-4 40.002887890483673454561594686940465 40.00192526804409365700163084474015
 9.749250485602898249831652608899965E-4 40.002924798906493862529576189771675 40.001949873857933572704593024510783
 9.873057909894086550279836249465699E-4 40.002961941741083395089406577366736 40.00197463595009398643437859374179
 9.997646672782107260718508500161017E-4 40.00299931898882030974615318726471 40.001999554321542099020081336414695
 1.012301677840348173823640687906691E-3 40.003036930651091566593490112205616 40.00202462897325121841966647151771
 1.0249168230920686322716915910128116E-3 40.003074776729292828445014628131914 40.0020498599062007598127429365409
 1.0376101034522152724699731207820907E-3 40.00311285722482846096638817137621 40.00207524712137624569391819825543
 1.0503815193422268415662811209232604E-3 40.003151172139111532808301888460124 40.0021007906197693059667356073392
 1.0632310711861377020724685608000742E-3 40.00318972147356381574026678207513 40.002126490402377678038194313514333
 1.0761587594105778713767189973210217E-3 40.003228505229615784785228476962695 40.00215234647020520691385175796537
 1.0891645844447730614978696465016581E-3 40.00326752340870661835500662955719 40.00217835882426184529350875991069
 1.1022485467205447190817910987453628E-3 40.00330677601228419838655900540167 40.00220452746556365366747721430293
 1.115410646672310065639830754759327E-3 40.00334626304180511047907024849263 40.00223085239513280041343041773787
 1.1286508847370821380293271018955799E-3 40.003385984498734644031865366856253 40.002257333613997561893836039754355
 1.1419692613544698291762019935819191E-3 40.003425940384546792383147958805396 40.002283971123192322553971756811814
 1.1553657769666779290396381373846641E-3 40.00346613070072425294956320447223 40.00231076492375757502052356633485
 1.168840432018507165818849040124306E-3 40.00350655544875842736658564735841 40.002337715016739920200766798318284
 1.1823932269573542474019487013463238E-3 40.003547214630149421629731790790816 40.00236482140319206738232984208947
 1.1960241622332119030569283893327045E-3 40.003588108246406046236597534317165 40.002392084084172834333540605927833
 1.209733238298668925364747876725082E-3 40.00362923629904581632972047522229 40.00241950306074714740435572734556
 1.223520455608910212394548555717878E-3 40.003670598789594951840267100492396 40.002447078333986041627872551936675
 1.2373858146217168101209958956694081E-3 40.00371219571958837763254489470071 40.002474809904966660822423898805035
 1.2513293157974659550837587488706371E-3 40.00375402709056972364933938943462 40.00250269777477225769425563068575
 1.2653509595991311172891330531051049E-3 40.003796092904091325058076180030616 40.00253074194449219394078704697751
 1.279450746492282043353817522529559E-3 40.003838393161714222397807935529936 40.002558942415221940354454118007405
 1.293628676945084799890848961302992E-3 40.00388092786500816172702642791417 40.00258729918806307692713557895287
 1.3078847514283018171377048772921198E-3 40.00392369701555159477229960682631 40.00261581226412329295516190194902
 1.3222189704152919328265811160838659E-3 40.003966700614931679077733746129743 40.00264448164451638714490716501366
 1.336631334382010436296852278440156E-3 40.00400993866474427815526068880331 40.00267330733036226771896383652487
 1.3511218438070091128497227272372639E-3 40.00405341116659396163575021681788 40.00270228932278695252290049409064
 1.365690499171436288345076032841109E-3 40.00409711812209400542094757278567 40.002731427622922569132602496752824
 1.3803373009590368740405307487813265E-3 40.004141059532866391836236160320383 40.002760722231907354962195629571603
 1.395062249656152411672710452500574E-3 40.00418523540054180978422545019265 40.002790173150885657372552739740146
 1.409865345751721118780736028871457E-3 40.004229645726759654899164119511573 40.0028197803810079337803833834827
 1.4247465897372779342719482170916448E-3 40.00427429051316802970217845131002 40.00284954392343075176790650309293
 1.439705982106954564229868484488224E-3 40.004319169761423743757336022057513 40.002879463779316789193106153573024
 1.4547435233574795279644063336851076E-3 40.00436428347319231382853470477097 40.00290953994983483430057029843729
 1.469859213988178204304321192512413E-3 40.004409631650147964037217015540743 40.00293977243615978583291269434823
 1.4850530545009728781319470789641066E-3 40.00445521429397362602090983143494 40.00297016123947265314277788435598
 1.5003250454003827871601882764399878E-3 40.00450103140636093909258950789249 40.003000706360960556305429319616046
 1.515675187193524168951794297440139E-3 40.00454708298901025040087242386116 40.00303140780181672623192062956372
 1.5311034803901103081809224568144457E-3 40.004593369043630615091030983084065 40.00306226556324050478285006062725
