 0.17564156198264154311314398613812096
 0.17741581077084627665627876565888004
 0.17919006232087009297129911301013534
 0.1809643166603370203498954787531008
 0.18273857381687126135238281199918493
 0.1845128338180971945339230667173018
 0.18628709669163937617077107870260287
 0.1880613624651225419865440425144938
 0.18983563116617160887851481769717905
 0.1916099028224116766439292936014098
 0.1933841774614680297063480421315938
 0.19515845511096613884201248774795926
 0.19693273579853166290623582405905643
 0.19870701955179045055981890634551903
 0.20048130639836854199549134936169906
 0.20225559636589217066437805976753745
 0.20402988948198776500249143254882463
 0.20580418577428195015724944078986084
 0.20757848527040154971401984816842232
 0.20935278799797358742269077354889773
 0.21112709398462528892426783705546306
 0.21290140325798408347749811701322348
 0.21467571584567760568552114715136168
 0.21645003177533369722254718346849364
 0.2182243510745804085605629701666528
 0.2199986737710460006960652340665854
 0.22177299989235894687682213692336775
 0.2235473294661479343286629150677207
 0.22532166252004186598229593580482925
 0.22709599908166986220015540000894682
 0.2288703391786612625032769203585965
 0.23064468283864562729820220466376261
 0.23241903008925273960391307374310102
 0.23419338095811260677879504331588107
 0.23596773547285546224763069938011485
 0.23774209366111176722862309655511708
 0.23951645555051221246044940887358544
 0.24129082116868771992934506251518448
 0.2430651905432694445962185799805686
 0.24483956370188877612379736521177593
 0.24661394067217734060380465917198087
 0.24838832148176700228416789540469844
 0.25016270615828986529625868509968973
 0.2519370947293782753821646612000298
 0.2537114872226648216219934110920613
 0.25548588366578233816120872742727017
 0.2572602840863639059379994066324921
 0.25903468851204285441068082467227103
 0.2608090969704527632851295196346701
 0.2625835094892274642422510107193538
 0.264357926096001042665481083214342
 0.2661323468184078393683207690554619
 0.26790677168408245232190525257020752
 0.26968120072065973838260693101545
 0.2714556339557748150196728595262279
 0.2732300714170630620428968101006855
 0.2750045131321601233303261742541193
 0.27677895912870190855600393898303376
 0.27855340943432459491774596568810837
 0.280327864076664628864953801713019
 0.28210232308335872782646325416416497
 0.2838767864820438819384289556845019
 0.28565125430035735577224515186288512
 0.28742572656593669006250293996859235
 0.28920020330641970343498418870899606
 0.2909746845494444941346923687167276
 0.29274917032264944175392052348108335
 0.29452366065367320896035661044689555
 0.2962981555701547432252264420126075
 0.29807265509973327855147445616786784
 0.29984715927004833720198254651958256
 0.3016216681087397314278271814640382
 0.3033961816434475651965750422714463
 0.30517069990181223592061740985803375
 0.30694522291147443618554353002964296
 0.3087197507000751554785531869896932
 0.3104942832952556819169087149132912
 0.31226882072465760397642667739827396
 0.31404336301592281222000944461301
 0.3158179101966935010262168979698827
 0.31759246229461217031787849216252906
 0.3193670193373216272907459044141083
 0.3211415813524649881421865007931301
 0.3229161483676856797999178494626804
 0.32469072041062744165078351073823795
 0.3264652975089343272695703338386917
 0.3282398796902507061478674902246301
 0.3300144669822212654229674734274924
 0.3317890594124910116068092952827392
 0.3335636570087052723149641084898232
 0.3353382597985096979956634854314152
 0.3371128678095502636588705831940661
 0.33888748106947327060539442474226666
 0.3406620996059253481560475262076979
 0.3424367234465534553808471002653475
 0.34421135261900488282826006557811
 0.3459859871509272542544920923014705
 0.3477606270699685283528209136499208
 0.34953527240377700048297413353684487
 0.351309923180001304400551760309764
