 2.560840974104448794691185250632125E-4 20.000256084097410444879469118525062 20.0 1.0000256084097389452953686804180626
 2.6172763168622045618452153532768813E-4 20.000261727631686220456184521535327 20.0 1.0000261727631663809878289252615355
 2.6746375485540662708688840773156826E-4 20.000267463754855406627086888407731 20.0 1.0000267463754831490050394314589974
 2.732942113824940570198242436042951E-4 20.000273294211382494057019824243605 20.0 1.0000273294211356979068479879475822
 2.792200357596214253391718024529335E-4 20.000279220035759621425339171802454 20.0 1.0000279220035732410476553606823961
 2.8524226814902390071275850135267764E-4 20.000285242268149023900712758501352 20.0 1.0000285242268120014052098085032393
 2.913619543828874633437787969893284E-4 20.00029136195438288746334377879699 20.0 1.0000291361954351970117009005941246
 2.9758091740850482690260815012338647E-4 20.000297580917408504826902608150123 20.0 1.000029758091737556519163286359389
 3.039002388372606734812594890236115E-4 20.000303900238837260673481259489022 20.0 1.0000303900238802177688457900906898
 3.1032061232129611818146117367688145E-4 20.000310320612321296118181461173675 20.0 1.0000310320612283942287568899594183
 3.168443130163270772003327112552369E-4 20.000316844313016327077200332711254 20.0 1.0000316844312976567580137502133118
 3.2347166080713744265932191251961195E-4 20.00032347166080713744265932191252 20.0 1.000032347166076483049395568680045
 3.3020457373421576202001913961907226E-4 20.00033020457373421576202001913962 20.0 1.0000330204573689211660457930405368
 3.37044598756723491897548554192067E-4 20.000337044598756723491897548554191 20.0 1.000033704459870886436079129400871
 3.4399247645119392777554232681423065E-4 20.000343992476451193927775542326814 20.0 1.0000343992476400313661485271096276
 3.5104977469094234545147671960055153E-4 20.0003510497746909423454514767196 20.0 1.0000351049774636865856535874339432
 3.5821766137308900677062275424070973E-4 20.000358217661373089006770622754241 20.0 1.0000358217661315631970954064144347
 3.654981656871639518078803094904634E-4 20.000365498165687163951807880309491 20.0 1.0000365498165626131940627876248428
 3.7289249401796325919141807946581543E-4 20.000372892494017963259191418079466 20.0 1.0000372892493953151644681149105292
 3.80401423263045569730095616635971E-4 20.000380401423263045569730095616636 20.0 1.000038040142319423927804612584477
 3.8802748135571807682916253992414347E-4 20.000388027481355718076829162539922 20.0 1.0000388027481282690138268697060386
 3.957710310450676867663890474376631E-4 20.000395771031045067686766389047437 20.0 1.000039577103096757986980567777777
 4.036342037013757800404704935735133E-4 20.000403634203701375780040470493574 20.0 1.0000403634203619177045602832499415
 4.1161871903129699472729244276104896E-4 20.000411618719031296994727292442761 20.0 1.0000411618718944123104927683957122
 4.1972540524342381042734452218927186E-4 20.00041972540524342381042734452219 20.0 1.000041972540515099727584487352218
 4.2795646739189036968473769022393543E-4 20.000427956467391890369684737690223 20.0 1.0000427956467293918927342301126668
 4.3631275222147897562743086946923117E-4 20.000436312752221478975627430869468 20.0 1.0000436312752117655812120345603497
 4.4479651030915209061316250614744406E-4 20.000444796510309152090613162506146 20.0 1.0000444796510199154171821942871398
 4.5340908339056266176225194090793654E-4 20.000453409083390562661762251940907 20.0 1.0000453409083274050619092420779407
 4.621518205397319290716410689980151E-4 20.000462151820539731929071641068998 20.0 1.00004621518204163493108212327406
 4.710265634443441573285980678340879E-4 20.000471026563444344157328598067834 20.0 1.000047102656331371624561847430489
 4.80035179601138042081403612624051E-4 20.000480035179601138042081403612622 20.0 1.0000480035179462870963391115372768
 4.891790680293027428348049399121507E-4 20.000489179068029302742834804939911 20.0 1.00004891790678829829806982884966
 4.984596353850899880978760455781121E-4 20.000498459635385089988097876045577 20.0 1.0000498459635230283493948577246176
 5.0787930376155081420456422694645405E-4 20.000507879303761550814204564226947 20.0 1.0000507879303597801107366865442399
 5.174390147855378862226027670052049E-4 20.000517439014785537886222602767004 20.0 1.0000517439014612366437237667435343
 5.27141239140701680080406523380288E-4 20.00052714123914070168008040652338 20.0 1.000052714123895760538960943512298
 5.369874571951514771954221978624233E-4 20.000536987457195151477195422197863 20.0 1.0000536987457001602545986025352444
 5.46979157413432118667246763127527E-4 20.000546979157413432118667246763126 20.0 1.000054697915720887694459732100282
 5.571183641155765322777309212327479E-4 20.000557118364115576532277730921234 20.0 1.0000557118363899433948931195092475
 5.6740712911781912646659304973677565E-4 20.000567407129117819126466593049738 20.0 1.0000567407128889479095174868535774
 5.778464570219184950303098381808208E-4 20.00057784645702191849503030983818 20.0 1.0000577846456780742083178888648296
 5.884395107866667637775494032905338E-4 20.00058843951078666676377754940329 20.0 1.0000588439510531982147906709164579
 5.991873315005374156683626861481441E-4 20.00059918733150053741566836268615 20.0 1.0000599187331231641088990456534952
 6.100920537085770730936146987646352E-4 20.000610092053708577073093614698764 20.0 1.0000610092053424731013074399680154
 6.211552831984750930042021622221587E-4 20.000621155283198475093004202162222 20.0 1.000062115528289890595138135270021
 6.323797590350956070689103154722242E-4 20.000632379759035095607068910315471 20.0 1.0000632379758718991482062750346385
 6.437665673831755658878992548828536E-4 20.000643766567383175565887899254882 20.0 1.0000643766567049686737427250007828
 6.5531850033606215129603583895580034E-4 20.000655318500336062151296035838956 20.0 1.0000655318499984296792263167642181
 6.670366672073000573757070241954547E-4 20.000667036667207300057375707024195 20.0 1.0000667036666836325050129405821151
 6.78924496428051996662068500286713E-4 20.000678924496428051996662068500286 20.0 1.0000678924496036887250710123251301
 6.90982548548785704398052005701084E-4 20.0006909825485487857043980520057 20.0 1.0000690982548136406985314384217111
 7.032137239488195835981081565256835E-4 20.000703213723948819583598108156526 20.0 1.0000703213723514152496892195666106
 7.156197776123280526037193003354108E-4 20.000715619777612328052603719300334 20.0 1.0000715619777154247897836668295801
 7.282030774440392731459379899093252E-4 20.000728203077444039273145937989907 20.0 1.0000728203076961367690940144086803
 7.409660219555204743489012180127059E-4 20.000740966021955520474348901218013 20.0 1.0000740966021447022997001871310232
 7.539104266271063346111789770439418E-4 20.000753910426627106334611178977042 20.0 1.0000753910426091491137399582078544
 7.67038736077666821409956256554045E-4 20.000767038736077666821409956256552 20.0 1.0000767038735513580917721833286116
 7.803534262206498399756558558270252E-4 20.000780353426220649839975655855828 20.0 1.0000780353425626676308778225170144
 7.938563745788620717682396094290347E-4 20.000793856374578862071768239609427 20.0 1.0000793856373953518652618196663825
 8.075494689149466155323178340518382E-4 20.00080754946891494661553231783405 20.0 1.0000807549468256682948674788770661
 8.2143588887724978651441794646521165E-4 20.000821435888877249786514417946466 20.0 1.0000821435888184441304810018502378
 8.355175755147867556246910959910805E-4 20.000835517575514786755624691095991 20.0 1.0000835517574785734530933809989594
 8.497964804683252888679113437044598E-4 20.000849796480468325288867911343704 20.0 1.0000849796479701252911391656298357
 8.64275880606785913363270339521965E-4 20.00086427588060678591336327033952 20.0 1.0000864275879799832570250600639727
 8.7895844497935916659193560952132424E-4 20.00087895844497935916659193560952 20.0 1.0000878958444130577567239863718972
 8.9384487054101723343543474550298365E-4 20.000893844870541017233435434745501 20.0 1.000089384486964837576217995248094
 9.089391908525179131032989464645646E-4 20.000908939190852517913103298946464 20.0 1.0000908939189913887194027128994177
 9.242441585676608001097949891768548E-4 20.000924244158567660800109794989177 20.0 1.0000924244157580813206798173474674
 9.39761189542469279174945483456161E-4 20.000939761189542469279174945483456 20.0 1.00009397611885050791232788580929
 9.55493070541951659753713900402089E-4 20.0009554930705419516597537139004 20.0 1.0000955493069451586691381745440846
 9.714426226151187768083736017425904E-4 20.00097144262261511877680837360174 20.0 1.000097144262146923549928666215098
 9.876127014050958502425381856571075E-4 20.000987612701405095850242538185656 20.0 1.000098761270020103463607241286186
 1.0040061974617061544800488647873567E-3 20.001004006197461706154480048864785 20.0 1.0001004006196196686154345261157055
 1.0206246079697851150083448073794047E-3 20.00102062460796978511500834480738 20.0 1.000102062460664090453144948506761
 1.0374722993449906691243536393789149E-3 20.00103747229934499066912435363938 20.0 1.0001037472297949210531991693677527
 1.0545508164311725701428465185815572E-3 20.00105455081643117257014284651858 20.0 1.0001054550814965322169044549519516
 1.071863156774204665263983804624169E-3 20.001071863156774204665263983804623 20.0 1.000107186315523497024340839781832
 1.0894123540322643935307655698053838E-3 20.001089412354032264393530765569805 20.0 1.0001089412352416182947961388701465
 1.10720147829825479486672635438607E-3 20.001107201478298254794866726354384 20.0 1.0001107201476601707617297706642201
 1.1252328864260613325224201286403668E-3 20.00112523288642606133252242012864 20.0 1.0001125232884645270841065759049454
 1.1435104602227180254559701725535045E-3 20.001143510460222718025455970172554 20.0 1.0001143510458353733925970569216156
 1.1620358566190972120504245445135275E-3 20.001162035856619097212050424544513 20.0 1.0001162035854657800199343308466971
 1.1808122578269040469938412231493862E-3 20.00118081225782690404699384122315 20.0 1.000118081225576899142843276539421
 1.199843658195354855480643678107623E-3 20.001199843658195354855480643678106 20.0 1.0001199843656036328521768539549175
 1.219132553564135646524647994376147E-3 20.001219132553564135646524647994377 20.0 1.000121913255129930192004033194313
 1.2386822402815793180490282962532329E-3 20.001238682240281579318049028296253 20.0 1.0001238682237906036582728011366431
 1.258495260221817223800706200759939E-3 20.00125849526022181722380070620076 20.0 1.0001258495257730451773765312177976
 1.2785749685363508507251104378806632E-3 20.00127857496853635085072511043788 20.0 1.0001278574965923823523834525869422
 1.2989247595346850398157217845066917E-3 20.001298924759534685039815721784507 20.0 1.0001298924756795421655143197207325
 1.31954806702639113088342239081171E-3 20.001319548067026391130883422390813 20.0 1.0001319548064154572534552954343183
 1.3404483646656299259692642711330624E-3 20.001340448364665629925969264271133 20.0 1.000134044836165518162986719249966
 1.3616283412886810274161569136585942E-3 20.00136162834128868102741615691366 20.0 1.0001361628338133268160163012537468
 1.383090700371667582826863181840143E-3 20.00138309070037166758282686318184 20.0 1.000138309069706468458013195943285
 1.4048406740128106073531483743651793E-3 20.001404840674012810607353148374363 20.0 1.0001404840670547351926608100066326
 1.4268802093331992692686421934820882E-3 20.001426880209333199269268642193481 20.0 1.0001426880205702071161367311990648
 1.4492137957667298549545419241541309E-3 20.001449213795766729854954541924152 20.0 1.000144921379196241965147417366825
 1.4718434175231098181484610535625202E-3 20.001471843417523109818148461053563 20.0 1.000147184341353779272865815600309
 1.494774505258401192809862531210746E-3 20.001494774505258401192809862531211 20.0 1.000149477450108389990234474352865
 1.5180091008370102135471936188692621E-3 20.00151800910083701021354719361887 20.0 1.0001518009096464808651764814245907
