348.5
345.8224
343.1593
340.5108
337.8766
335.2568
332.6512
330.0599
327.4826
324.9193
322.37
319.8346
317.313 
314.8051
312.3108
309.8301
307.3629
304.9092
302.4688
300.0416
297.6277
295.2269
292.8392
290.4645
288.1027
285.7537
283.4176
281.0941
278.7833
276.4851
274.1994
271.9261
269.6651
267.4165
265.1802
262.9559
260.7438
258.5438
256.3557
254.1795
252.0152
249.8626
247.7217
245.5925
243.4749
241.3688
239.2742
237.191
235.1191
233.0585
231.009
228.9708
226.9436
224.9275
222.9223
220.9281
218.9447
216.9721
215.0102
213.0591
211.1185
209.1885
207.269
205.3599
203.4612
201.5729
199.6948
197.827
195.9693
194.1217
192.2842
190.4567
188.6391
186.8314
185.0336
183.2455
181.4672
179.6985
177.9395
176.1901
174.4501
172.7197
170.9986
169.2869
167.5846
165.8915
164.2076
162.5328
160.8672
159.2107
157.5631
155.9246
154.2949
152.6741
151.0622
149.459
147.8645
146.2787
144.7016
143.133
